23

1

3

1

0.999900

2.527
2.237
2.176
2.188
2.187
2.204
2.214
2.226
2.217
2.178
2.097
2.038
2.027
2.03
2.028
2.028
2.028
2.028
2.028
2.028
2.028
2.028
2.028
2.028

5.9475
5.96992
5.99242
6.015
6.05363
6.0925
6.11745
6.1425
5.94172
5.7475
5.67834
5.61001
5.5425
5.57754
5.61281
5.64829
5.68401
5.71994
5.75611
5.7925
5.75194
5.71166
5.67166
5.63194

3.648
3.675
3.68
3.71
3.746
3.786
3.839
3.869
3.872
3.909
4.046
4.324
4.452
4.437
4.384
4.29
4.309
4.339
4.38
4.398
4.401
4.437
4.544
4.771
