23

1

3

1

0.999758

2.36
2.317
2.315
2.321
2.334
2.336
2.341
2.327
2.254
2.177
2.153
2.147
2.137
2.145
2.145
2.145
2.145
2.145
2.145
2.145
2.145
2.145
2.145
2.145

6.12602
6.16538
6.205
6.24487
6.285
6.30248
6.32
6.08046
5.85
5.7396
5.63128
5.525
5.55071
5.57655
5.6025
5.62993
5.6575
5.68493
5.7125
5.51017
5.315
5.25431
5.19431
5.135

4.65
4.614
4.574
4.604
4.639
4.697
4.731
4.743
4.809
4.972
5.202
5.344
5.309
5.197
4.938
4.936
4.96
5
5.033
5.041
5.106
5.261
5.481
5.626
