23

1

3

1

0.999900

2.5
2.403
2.328
2.235
2.206
2.236
2.258
2.28
2.294
2.316
2.27
2.209
2.099
2.05
2.063
2.032
2.042
2.042
2.042
2.042
2.042
2.042
2.042
2.042

5.83667
5.88067
5.925
5.96966
6.01466
6.06
6.09863
6.1375
6.16494
6.1925
6.04704
5.905
5.81015
5.71683
5.625
5.65867
5.69255
5.72663
5.76091
5.7954
5.8301
5.865
5.79116
5.71826

3.617
3.928
4.089
4.108
4.072
4.061
4.093
4.132
4.176
4.2
4.203
4.241
4.403
4.697
4.843
4.819
4.755
4.635
4.652
4.683
4.723
4.742
4.748
4.775
