23

1

3

1

0.999916

2.843
2.77
2.729
2.7
2.649
2.637
2.655
2.663
2.678
2.682
2.695
2.658
2.601
2.454
2.396
2.384
2.35
2.36
2.36
2.36
2.36
2.36
2.36
2.36

7.2875
7.31986
7.35236
7.385
7.42561
7.46644
7.5075
7.5362
7.565
7.58248
7.6
7.23367
6.885
6.74292
6.60378
6.4675
6.49256
6.51772
6.54298
6.56834
6.59379
6.61935
6.645
6.51014

4.05
4.166
4.381
4.497
4.502
4.468
4.44
4.469
4.51
4.555
4.581
4.586
4.612
4.777
5.034
5.167
5.139
5.069
4.925
4.944
4.972
5.01
5.03
5.036
