23

1

3

1

0.999816

2.614
2.629
2.638
2.634
2.593
2.482
2.43
2.423
2.42
2.425
2.425
2.425
2.425
2.425
2.425
2.425
2.415
2.32
2.32
2.32
2.32
2.325
2.325
2.325

7.3075
7.32623
7.345
7.18833
7.035
6.89125
6.75044
6.6125
6.64814
6.68397
6.72
6.76112
6.8025
6.83865
6.875
6.55112
6.2425
6.14602
6.05102
5.9575
5.98913
6.02094
6.05291
6.08505

4.693
4.763
4.807
4.819
4.855
4.986
5.188
5.304
5.279
5.201
5.024
5.036
5.066
5.106
5.131
5.14
5.194
5.329
5.539
5.664
5.627
5.542
5.282
5.294
