23

1

3

1

0.999791

2.595
2.585
2.582
2.59
2.588
2.583
2.477
2.341
2.288
2.283
2.281
2.29
2.29
2.29
2.29
2.29
2.29
2.29
2.29
2.29
2.29
2.29
2.29
2.29

7.2725
7.31363
7.355
7.36874
7.3825
6.95248
6.5475
6.3764
6.20977
6.0475
6.08148
6.11564
6.15
6.17993
6.21
6.22997
6.25
5.91212
5.5925
5.44181
5.29518
5.1525
5.18337
5.21442

3.873
3.95
4.015
4.084
4.116
4.128
4.176
4.376
4.644
4.782
4.775
4.712
4.577
4.607
4.642
4.682
4.712
4.722
4.77
4.931
5.147
5.276
5.252
5.167
