23

1

3

1

0.999850

2.642
2.65
2.647
2.603
2.497
2.428
2.416
2.382
2.367
2.369
2.39
2.405
2.406
2.399
2.385
2.311
2.24
2.24
2.24
2.245
2.25
2.25
2.25
2.25

7.74093
7.585
7.43221
7.2825
7.11623
6.95376
6.795
6.83312
6.87145
6.91
6.93745
6.965
7.00489
7.045
6.76962
6.505
6.3444
6.18777
6.035
6.06422
6.09357
6.12307
6.15271
6.1825

4.629
4.667
4.681
4.717
4.849
5.046
5.156
5.138
5.068
4.912
4.923
4.953
4.997
5.025
5.035
5.082
5.217
5.425
5.548
5.508
5.426
5.164
5.179
5.214
