23

1

3

1

0.999833

2.607
2.499
2.402
2.305
2.241
2.214
2.183
2.179
2.178
2.196
2.201
2.211
2.21
2.16
2.02
2.04
2.04
2.04
2.04
2.055
2.055
2.055
2.055
2.055

6.4075
6.23518
6.0675
6.03398
6.00065
5.9675
6.01381
6.06047
6.1075
6.14985
6.1925
6.23982
6.2875
6.21205
6.1375
6.05558
5.97475
5.895
5.92732
5.95982
5.99249
6.02535
6.05839
6.0916

4.311
4.33
4.372
4.501
4.694
4.798
4.795
4.75
4.647
4.67
4.702
4.746
4.774
4.784
4.824
4.961
5.179
5.288
5.256
5.181
4.951
4.963
4.996
5.036
