23

1

3

1

0.999891

2.76
2.663
2.487
2.41
2.405
2.409
2.423
2.436
2.453
2.428
2.362
2.306
2.25
2.237
2.198
2.196
2.196
2.196
2.196
2.196
2.196
2.196
2.196
2.196

6.50624
6.5425
6.57896
6.61563
6.6525
6.67621
6.7
6.71748
6.735
6.51775
6.3075
6.22732
6.14816
6.07
6.09852
6.12718
6.15597
6.1849
6.21396
6.24316
6.2725
6.18985
6.10829
6.0278

3.781
3.92
3.93
3.903
3.9
3.936
3.979
4.026
4.051
4.052
4.092
4.237
4.497
4.632
4.619
4.565
4.47
4.486
4.516
4.554
4.574
4.578
4.612
4.73
