23

1

3

1

0.999816

2.84
2.71
2.613
2.53
2.511
2.488
2.489
2.495
2.505
2.52
2.533
2.54
2.469
2.329
2.26
2.303
2.35
2.345
2.35
2.35
2.35
2.35
2.35
2.35

6.79757
6.8125
6.82747
6.84247
6.8575
6.89974
6.94224
6.985
7.01494
7.045
7.06746
7.09
6.90124
6.7175
6.6022
6.48888
6.3775
6.4043
6.43122
6.45825
6.48539
6.51264
6.54001
6.5675

4.188
4.19
4.303
4.505
4.607
4.608
4.575
4.512
4.532
4.565
4.606
4.635
4.644
4.682
4.837
5.07
5.197
5.173
5.102
4.927
4.941
4.977
5.013
5.041
