23

1

3

1

0.999775

2.68
2.657
2.646
2.636
2.599
2.53
2.438
2.401
2.393
2.38
2.402
2.41
2.41
2.41
2.41
2.41
2.41
2.41
2.41
2.41
2.41
2.41
2.415
2.415

7.32525
7.36
7.39492
7.43
7.11586
6.815
6.66506
6.51842
6.375
6.40321
6.43154
6.46
6.49242
6.525
6.54123
6.5575
6.21743
5.895
5.82927
5.76427
5.7
5.72676
5.75365
5.78067

4.362
4.437
4.515
4.554
4.562
4.612
4.777
5.012
5.134
5.116
5.054
4.906
4.93
4.967
5.009
5.036
5.042
5.096
5.243
5.479
5.606
5.576
5.496
5.266
