23

1

3

1

0.999775

2.335
2.358
2.379
2.4
2.425
2.439
2.422
2.356
2.261
2.234
2.227
2.229
2.240
2.240
2.240
2.240
2.240
2.240
2.240
2.240
2.240
2.240
2.240
2.240

6.60811
6.66
6.71229
6.765
6.78746
6.81
6.56561
6.33
6.20418
6.08087
5.96
5.9882
6.01653
6.045
6.07493
6.105
6.13244
6.16
5.92034
5.69
5.59509
5.50177
5.41
5.44089

4.347
4.366
4.409
4.457
4.506
4.533
4.536
4.578
4.728
4.948
5.065
5.042
4.972
4.802
4.807
4.832
4.872
4.897
4.907
4.965
5.095
5.3
5.42
5.39
